10000000
000000068
003600050
070400900
020800600
000070000
000005270
006007010
700004830
150000000

10000001
003000000
000000002
800000000
000000005
000000000
000900006
000000000
000001070
000400000
[22, 33, 44], [36, 25, 14], [36, 35, 45, 44], [36, 37, 48, 58], [39, 28, 17], [66, 67, 57, 58], [66, 76, 75, 85], [89, 78, 67], [98, 87, 76], [63, 53, 54, 44], [63, 52, 41], [63, 73, 84, 85], [93, 82, 71]

10010000
000000000
000000000
000000000
000000000
000000000
000000000
000000000
000000000
000000000
[17, [11, 21]], [17, [12, 13, 14, 24]], [3, [15, 25]], [15, [22, 23, 33]], [9, [41, 31, 32]], [16, [51, 52, 42]], [10, [61, 71, 81]], [14, [91, 92, 93]], [28, [62, 72, 82, 83]], [14, [43, 53, 54]], [11, [63, 73]], [24, [26, 16, 17, 18]], [6, [37, 27, 28]], [13, [19, 29]], [4, [44, 45]], [15, [36, 46]], [15, [38, 39, 49]], [21, [47, 57, 56, 66, 76]], [10, [75, 74, 84]], [17, [94, 95]], [17, [85, 86, 96]], [15, [68, 78, 88, 87]], [15, [69, 79, 89]]

11000000
005000003
000000000
000604000
000020000
300000005
000300000
900000500
000009000
000200040
[12, 22, 31, 42], [43, 52, 41], [91, 82, 83], [54, 63, 74, 83], [26, 35, 24], [56, 67, 76, 87], [18, 28, 39, 48], [47, 58, 49], [99, 88, 87]

10001000
000000000
000000000
000000090
000000300
004000700
000280000
200050001
010000030
000000000

10100000
000006000
080000000
009000005
000900000
000030100
600000000
060050000
000300040
008000002
