10000000
219753468
483692157
675481923
527839641
941276385
368145279
836927514
792514836
154368792

10000001
253678914
147359682
896142357
719863245
365724891
482915736
534287169
628591473
971436528
[22, 33, 44], [36, 25, 14], [36, 35, 45, 44], [36, 37, 48, 58], [39, 28, 17], [66, 67, 57, 58], [66, 76, 75, 85], [89, 78, 67], [98, 87, 76], [63, 53, 54, 44], [63, 52, 41], [63, 73, 84, 85], [93, 82, 71]

10010000
817523496
965418327
324976185
486139752
531782649
279645813
742351968
198267534
653894271
[17, [11, 21]], [17, [12, 13, 14, 24]], [3, [15, 25]], [15, [22, 23, 33]], [9, [41, 31, 32]], [16, [51, 52, 42]], [10, [61, 71, 81]], [14, [91, 92, 93]], [28, [62, 72, 82, 83]], [14, [43, 53, 54]], [11, [63, 73]], [24, [26, 16, 17, 18]], [6, [37, 27, 28]], [13, [19, 29]], [4, [44, 45]], [15, [36, 46]], [15, [38, 39, 49]], [21, [47, 57, 56, 66, 76]], [10, [75, 74, 84]], [17, [94, 95]], [17, [85, 86, 96]], [15, [68, 78, 88, 87]], [15, [69, 79, 89]]

11000000
495712863
236598417
187634952
859127634
314986725
672345198
921473586
543869271
768251349
[12, 22, 31, 42], [43, 52, 41], [91, 82, 83], [54, 63, 74, 83], [26, 35, 24], [56, 67, 76, 87], [18, 28, 39, 48], [47, 58, 49], [99, 88, 87]

10001000
647592813
391846257
528173694
952417368
184639725
736285149
263958471
815724936
479361582

10100000
234596718
586713429
719284365
341925687
825637194
697641253
963452871
152378946
478169532